tensor([-380602.0312, -382629.2812, -379980.6562, -385398.9062, -384706.0000,
        -380870.0625, -380889.6875, -380591.6562, -385226.2188, -383359.0625,
        -377356.1250, -377343.2188, -373343.4375, -378989.2188, -377230.0625,
        -364690.7500, -367782.3125, -364664.9375, -362920.6875, -368620.5000,
        -364462.0938, -370692.0000, -369068.0000, -371686.3750, -367707.6562,
        -388897.2500, -390286.1250, -395008.1250, -392306.3438, -393220.6562,
        -391214.2812, -394775.9062], device='cuda:0')
tensor([-390423.2812, -389973.0938, -394913.8750, -394842.7812, -396634.5312,
        -399605.2188, -397593.1562, -399679.6250, -402591.3125, -401465.6250,
        -396871.2500, -401305.1250, -398413.0312, -399793.5625, -400983.1875,
        -400871.0625, -398137.6250, -402634.7812, -397893.8438, -395616.8438,
        -401514.2812, -392642.6562, -392663.5312, -397916.9062, -397162.1875,
        -398080.0938, -395598.6875, -396978.9375, -398577.9375, 1429033.2500,
        1615173.2500, 1681042.1250], device='cuda:0')
tensor([1548111.2500, 1522090.0000, 1577315.5000, 1583612.5000, 1653759.6250,
        1626391.7500, 1791225.0000, 1634204.2500, 1625794.0000, 1480435.1250,
        -319093.0938, -315795.5625, -329456.6875, -336767.6562, -340348.7500,
        -327211.1562, -337326.9375, -342285.1875, -344948.8125, -341127.6250,
        -343841.4375, -394702.8125, -393227.3125, -400285.4688, -388991.8438,
        -397909.5938, -395088.7500, -393481.8125, -395574.2500, -394519.5000,
        -398688.2500, -396035.8125], device='cuda:0')
tensor([-390720.8750, -393158.6875, -393237.3750, -392494.5000, -394774.3438,
        -394977.0312, -396562.5938, -391979.6562, -394211.1562, -375005.5312,
        -382344.0938, -381507.0625, -383072.6562, -382676.7812, -383801.2500,
        -382365.5938, -385556.5938, -383992.0625, -379679.1875, -382976.4375,
        -384287.1562, -386551.1875, -385392.8438, -378719.1562, -383491.3750,
        -388181.6562,  210174.5000,  244611.1250,  201431.9688,  386645.9688,
         184152.6250,  196310.6562], device='cuda:0')
tensor([ 213038.6250,  216468.1250, -357507.6250, -358872.0000, -359343.2500,
        -361456.3750, -362636.0000, -353886.8750, -361046.5938, -361151.7500,
        -357110.7188, -360110.5938, -356345.3750, -363906.8438, -360853.8438,
        -358161.3125, -396875.3125, -396906.5938, -397718.3750, -398738.1250,
        -394260.0000, -398564.4688, -400438.2500, -400114.3438, -393657.5625,
        -397934.0625, -398303.2812, -395972.0938, -396965.5312, -400453.0000,
        -399704.7812, -401234.7188], device='cuda:0')
tensor([-394049.7812, -401694.1250, -396409.6562, -400118.0312, -397218.5625,
        -400728.0625, -398453.5625, -399144.3125, -400246.0625, -397720.3125,
        -398434.0625, -391415.3125, -395570.8438, -392507.8125, -395024.2500,
        -394221.3125, -399451.8125, -401646.1562, -400609.1562, -400692.8125,
        -402678.7500, -393294.5312, -400685.3125, -391376.0000, -396689.3125,
        -400018.5000, -400838.9375, -398248.0312, -399408.5000, -399901.5312,
        -397370.1250, -400212.2500], device='cuda:0')
tensor([-399788.3125, -398749.3125, -395553.3125, -403105.9375, -400358.8125,
        -399832.7812, -398515.9688, -395577.2188, -397029.7188, -399413.3125,
        -399758.3438, -397124.0000, -397157.0938, -379117.6250, -379045.5938,
        -383312.5000, -378470.5000, -380824.0312, -376455.9688, -382081.9375,
        -378293.2500,  304454.8750,  372065.3125,  320826.7500,  318598.0625,
         363355.0625,  340508.6875,  301541.1875,  422473.5000, -270765.6562,
        -286602.0625, -275425.4375], device='cuda:0')
tensor([-284137.2500, -276795.1562, -253488.0625, -262965.1875, -255634.7812,
        -267380.3750, -366876.5312, -368983.4375, -363327.6875, -371319.5938,
        -361272.3125, -367785.7500, -367765.4062, -369578.7812, -358131.5000,
        -364025.4375, -356060.9375, -355722.5312, -360016.7500, -361324.6875,
        -371373.7500, -358121.8750, -363438.2500, -360069.2188, -354120.2500,
        -353577.1875, -353046.7500, -358348.0625, -363536.0938, -366016.4062,
        -365597.9688, -363395.0938], device='cuda:0')
tensor([-360657.0625, -299555.7188, -312309.2812, -313986.7500, -305178.2500,
        -309317.6875, -300281.4375, -301082.8750, -314574.3750, -313822.4688,
        -301296.7812,  225890.3125,  231833.7500,  165011.0625,  266533.5625,
         222629.6250,  229746.7812,  171037.1250,  287076.5000,  178589.7188,
         173106.5000,  177058.3438, 4041926.5000, 4243670.5000, 4268977.0000,
        4350949.0000, 4514313.0000,  187647.4375,  159543.2812,  175600.8125,
         183955.8125,  162084.5312], device='cuda:0')
tensor([ 239385.9062,  195775.9375, -250471.8125, -229683.1562, -243941.7188,
        -244509.6562, -243981.9219, -222481.4375, -248175.0938, -261069.8125,
        -249615.8594, -239161.5000, -397822.2188, -398240.0000, -395081.9375,
        -384961.3438, -369215.9062, -372184.1562, -395669.7812, -390885.6875,
        -395436.6250, -393762.0000, -397898.8125, -398924.1250, -397024.4375,
        -397314.7500, -397983.4688, -399415.4375, -400272.9375, -400307.5938,
        -401777.9688, -394165.9375], device='cuda:0')
tensor([-398940.3750, -398583.4688, -396366.6250, -401458.7500, -397093.7812,
        -396807.2812, -400706.3750, -401981.2812, -394057.0000, -395502.5625,
        -398011.1875, -398515.6250, -399065.0625, -397133.1562, -395304.8438,
        -395646.5625, -398149.4375, -392166.0938, -395643.8438, -392617.0312,
        -397690.0938, -394901.7500, -392793.6562, -398275.1875, -395194.5938,
        -375756.8125, -399022.5312, -355418.9688, -354246.5000, -369963.4375,
        -399740.9062, -404616.3438], device='cuda:0')
tensor([-398291.3750, -400087.7812, -398601.5000, -401564.5000, -395586.5312,
        -395681.1250, -398936.7188, -405493.0000, -392022.2812, -381178.2500,
        -394667.1875, -376398.6562, -389247.1250, -394935.3438, -394392.9062,
        -402499.3125, -381810.1562, -397845.7188, -381795.6562, -397620.4062,
        -384915.5625, -398784.0000, -398711.5625, -397154.8750, -394593.0000,
        -396828.0625, -394425.6250, -393061.1562, -395665.1875, -386686.1250,
        -393050.2812, -396070.8438], device='cuda:0')
tensor([-403199.2500, -393255.9375, -394729.8438, -393511.2812, -395401.2188,
        -390374.6562, -389453.5312, -397872.5625, -391149.5625, -403858.0625,
        -399131.2812, -396490.6250, -393368.1250, -400192.0938, -400661.8750,
        -397590.5938, -398739.0938, -398660.2812, -401063.2500, -399307.5938,
        -395487.7812, -398236.7500, -398513.3125, -395602.3125, -395156.5625,
        -400318.4688, -396862.4062, -394865.1562, -401464.2500, -401012.7500,
        -400329.6562, -400553.7188], device='cuda:0')
tensor([-400847.6250, -401749.2812, -399183.0625, -398141.0000, -392289.2500,
        -392579.6875, -382630.8438, -396625.0000, -397269.6875, -395264.6875,
        -397286.9688, -394948.0625, -398730.1250, -396255.9062, -396794.2500,
        -398966.7188, -397892.3750, -398926.2812, -398902.6875, -397594.6250,
        -400232.3750, -396318.5625, -397807.3125, -398916.4062, -399160.3438,
        -401524.3125, -400541.6250, -397306.7500, -401700.1875, -394833.4375,
        -391427.9062, -396807.7812], device='cuda:0')
tensor([ -396994.1250,  -398208.6875,  -397256.5312,  -398101.0000,
         -399008.9688,  -393491.5312,  -393814.1875,  -389381.7500,
         -398179.7500,  -393494.0000, 20616608.0000,  -393970.1250,
         -396667.9062,  -398924.8438,  -396888.3750,  -398312.3750,
         -396150.6875,  -396659.9688,    57111.1875,   -44958.7188,
         -397102.3750,  -395052.6875,  -394952.5312,  -397782.9688,
         -396673.0000,  -394714.6875,  -398407.6875,  -393457.4375,
         -396852.5625,  -395258.1875,  -397278.6562,  -397113.6875],
       device='cuda:0')
tensor([-395745.4688, -390368.0625, -394683.5312, -393861.0938, -393276.1875,
        -393656.8750, -396823.3125, -396278.8750, -387618.8125, -386330.4375,
        -392550.8750, -390579.7500, -393460.2812, -389451.8750, -393534.6250,
        -390721.2188, -390393.0000, -392234.4375, -392718.5000, -394133.0938,
        -386895.8750, -392481.3750, -392450.9062, -388251.4375, -390192.0625,
        -390439.9375, -390298.0938, -390207.4688, -393769.4375, -391592.9375,
        -391420.9688, -388338.4688], device='cuda:0')
tensor([-391437.6250, -393364.7812, -392554.3125, -391725.0000, -391004.8750,
        -392700.1250, -396748.8438, -399834.4375, -399664.3438, -402575.0000,
        -395246.5938, -397922.6875, -400498.1250, -401540.0000, -401126.1875,
        -403320.6562, -400239.7188, -402511.5625, -395295.8750, -401646.9062,
        -398422.7188, -394037.5938, -400377.5938, -400695.7188, -399752.0938,
        -401094.0312, -402199.7500, -401342.2188, -401107.3125, -398705.9688,
        -400385.0938, -398699.5000], device='cuda:0')
tensor([-402218.9688, -402531.9688, -399452.3125, -398627.9375, -403540.4062,
        -402932.1562, -400747.2812, -400462.3125, -402150.3125, -393327.9375,
        -392448.1562, -397467.3438, -391555.2188, -395792.4375, -394698.7188,
        -392633.8125, -397549.2188, -392016.0000, -397219.2812, -390822.2812,
        -393091.2188, -398791.7812, -395844.3125, -397578.8438, -397242.8125,
        -396414.7812, -403319.1250, -401900.5938, -395001.0000, -393485.5938,
        -399217.0312, -398108.0312], device='cuda:0')
tensor([-397336.7188, -397096.3750, -385399.1250, -396828.3438, -400231.1562,
        -398954.9062, -399653.5625, -399172.8750, -395022.9375, -396228.0938,
        -390665.4062, -386496.3750, -394821.9688, -394366.2500, -396219.6250,
        -394213.9688, -390088.3750, -393077.2500, -392865.1250, -384579.0938,
        -384749.0625, -384392.7188, -380782.7812, -378947.0625, -386635.0000,
        -385462.8125, -386218.2188, -386508.0625, -384269.1250, -382403.1875,
        -387766.1562, -353982.5625], device='cuda:0')
tensor([-358134.0000, -356151.5000, -352249.5625, -349585.1875, -349997.4688,
        -355324.8125, -353580.2500, -355233.6250, -353699.5938, -368547.8750,
        -354406.2500, -363473.1250, -358454.0938, -369491.8750, -374605.7812,
        -366451.4375, -364205.6562, -370613.1875, -365778.8125, -341060.6875,
        -357424.5938, -364632.1562, -364632.8125, -366537.2500, -370133.6250,
        -367686.7500, -369159.9375, -370862.8750, -367649.6875, -369482.0312,
        -371917.8438, -371431.0625], device='cuda:0')
tensor([-381159.8750, -380305.2812, -379422.5312, -377976.2500, -375517.0000,
        -371433.0000, -380229.1875, -377091.0625, -382011.1875, -340720.1562,
        -353045.4375, -343849.0938, -346325.3438, -344662.6562, -347667.1562,
        -338534.9375, -329418.1250, -344179.5312, -338357.3438, -356321.5000,
        -377640.2500, -380887.9062, -378179.5938, -381100.7188, -384095.2188,
        -380249.2188, -379594.0625, -380955.8750, -379182.6250, -378472.0938,
        -384218.5938, -383234.0625], device='cuda:0')
tensor([-384691.2812, -387678.1875, -385210.3750, -389116.9688, -382941.0625,
        -390759.8125, -387094.0625, -388750.5000, -385953.0625, -384556.2500,
        -390366.9688, -387905.5312, -385788.2812, -304136.7188, -279070.0938,
        -298374.6250, -295809.7188, -307109.9375, -291410.8125, -294791.3438,
        -301289.3750, -297780.1875, -294157.1250, -293213.0625, -289827.3750,
        -286885.1250, -308530.3438, -298707.4062, -299689.0000, -284302.2188,
        -279996.4688, -295899.2500], device='cuda:0')
tensor([-390479.7188, -391770.0625, -387413.3750, -388471.3125, -392129.6562,
        -389244.9375, -393585.6875, -391278.2812, -396468.6875, -397439.9375,
        -390129.3750, -392944.3125, -394281.8125, -390507.8438, -360055.3750,
        -377672.5625, -369034.9688, -376618.0312, -372004.1250, -374578.0312,
        -373977.4688, -376265.0000, -372253.2812, -366263.8125, -375137.8125,
        -365638.8750, -381021.4375, -372290.3750, -374935.9062, -370681.1875,
        -377128.1875, -392799.3750], device='cuda:0')
tensor([-398317.5312, -393843.3750, -390899.5625, -397060.5000, -393524.2500,
        -396588.1875, -391748.6875, -393578.9062, -395492.6250, -388541.1250,
        -392985.9062, -392118.1875, -397389.2188, -392800.7188, -399678.2500,
        -394470.5938, -400441.2812, -398475.3125, -394902.3438, -405967.4688,
        -406373.6562, -409523.5625, -403317.0000, -405387.6250, -406544.9688,
        -406192.2812, -398138.0312, -403713.5938, -404529.0938, -406304.6562,
        -405845.0625, -405344.5625], device='cuda:0')
tensor([-406726.8438, -400678.7500, -402432.0000, -405652.3750, -407000.3125,
        -401910.7500, -404445.7188, -404698.4688, -401378.7812, -406260.3750,
        -405210.1875, -403168.5938, -402377.5625, -403690.8438, -408095.9688,
        -405767.4688, -404240.2188, -406493.9688, -405861.3750, -404215.6250,
        -402329.8125, -405047.2188, -404564.6875, -408078.4062, -407087.7812,
        -404423.7812, -407968.3750, -405208.0625, -405540.5312, -400858.5625,
        -402808.7188, -403412.9688], device='cuda:0')
tensor([-404562.4062, -402056.5625, -403601.0312, -405323.2500, -408100.5938,
        -400232.8750, -406086.7812, -400782.6875, -404010.3438, -402168.0000,
        -403691.2188, -400297.0938, -405129.4375, -406485.1250, -406897.9688,
        -408094.8438, -405460.5625, -404471.4688, -403138.4062, -399399.4688,
        -403358.6875, -406837.8438, -405460.2188, -405510.6875, -402178.5000,
        -404194.1875, -400290.8438, -407945.1562, -405134.7500, -404787.8125,
        -403391.1562, -403564.0312], device='cuda:0')
tensor([-402239.9688, -403181.6250, -403244.3750, -406106.5625, -405344.8438,
        -407058.4375, -407645.1875, -404781.4688, -405241.6562, -401234.0000,
        -403895.3125, -408249.2812, -403498.8438, -409408.0625, -404320.8125,
        -403470.5000, -405416.7812, -404802.2500, -401429.5312, -404653.9062,
        -404444.0312, -403933.9375, -402929.7188, -402964.0938, -407131.1250,
        -401423.7188, -401502.4375, -406135.8750, -404166.3125, -403593.3750,
        -403924.0000, -401660.6250], device='cuda:0')
tensor([-405384.5625, -404348.3750, -400418.7500, -403814.1875, -406439.6875,
        -400721.6562, -407026.5312, -401409.7188, -404226.9375, -403896.1875,
        -404297.8125, -403287.2500, -401882.8438, -400855.0000, -399377.8750,
        -403362.3438, -408793.5938, -406096.3750, -406452.0000, -407352.5938,
        -400233.6250, -405351.5625, -406775.8125, -407393.5000, -401561.8750,
        -403272.5938, -404600.4062, -407807.2500, -402709.5312, -407816.5312,
        -400977.8750, -404937.5625], device='cuda:0')
tensor([-401184.7812, -398328.1875, -404726.3125, -406196.2500, -402304.0000,
        -404424.0625, -404173.4688, -404985.6562, -399970.3438, -407173.8125,
        -400186.1562, -399257.7812, -402931.0938, -402810.6250, -403258.5625,
        -403369.3125, -405124.1875, -403193.0938, -404596.0625, -403251.0000,
        -401019.2188, -404696.2500, -405037.3750, -403402.4688, -402583.4375,
        -404852.9375, -404099.3750, -403899.3438, -402021.5312, -406189.4375,
        -403321.7500, -402297.6875], device='cuda:0')
tensor([-400399.9375, -402363.1250, -402003.4688, -404344.4688, -403145.0625,
        -404747.2500, -403087.3438, -398570.4375, -402767.6250, -405995.3438,
        -405735.1562, -404665.8125, -403086.3438, -400788.4688, -405264.6562,
        -400216.0000, -405130.6250, -400638.5938, -403664.3750, -403604.8438,
        -403123.8125, -400553.8438, -405400.8750, -403931.4375, -401193.3750,
        -397572.0625, -404070.2812, -403651.9375, -404460.0625, -406204.3125,
        -399000.6250, -404602.2188], device='cuda:0')
tensor([-397822.0625, -400069.9375, -400657.0000, -399749.7812, -401436.6250,
        -400062.0000, -401914.2188, -404310.9688, -399679.9375, -398181.7500,
        -405076.6250, -398899.1250, -405264.6250, -404741.2812, -405518.7500,
        -402741.4375, -404693.3750, -405644.0312, -406163.4688, -406025.5000,
        -398659.1250, -407223.9062, -405750.6562, -402549.1250, -403065.8438,
        -403093.7500, -405909.2812, -402381.7188, -406190.5312, -403589.5625,
        -400724.0938, -399427.3750], device='cuda:0')
tensor([-401578.8438, -397421.6562, -402326.1250, -404049.1250, -401711.1875,
        -403539.5000, -402780.8750, -404443.1875, -401302.5312, -404785.9688,
        -400620.7500, -400874.0000, -401032.6875, -401336.9062, -397355.9062,
        -401441.0938, -399858.2188, -400626.5000, -399902.8125, -404455.0938,
        -403436.4688, -402667.8438, -394181.6250, -400852.0938, -402527.3438,
        -401372.3125, -396204.1250, -400651.7500, -405938.3750, -397731.5312,
        -404211.7188, -401119.0938], device='cuda:0')
tensor([-398123.6250, -403791.6562, -399468.2188, -403573.9688, -399089.4375,
        -397674.3125, -396108.5312, -396094.4375, -395337.1875, -400264.2500,
        -400181.9062, -392843.6875, -398497.1875, -396430.6875, -400893.7500,
        -404330.8750, -402387.5625, -398241.3438, -398097.4062, -398463.3438,
        -400670.1250, -400172.6250, -400916.9375, -403355.4688, -391623.3125,
        -396824.1562, -398567.9375, -400904.4375, -401430.7188, -403409.8125,
        -395092.2188, -399051.5938], device='cuda:0')
tensor([-402749.2188, -403895.1250, -400754.3438, -398762.8125, -403606.7500,
        -400405.5312, -401396.6250, -400028.9375, -400315.9688, -399918.4062,
        -396283.0938, -401219.7500, -400360.0312, -398628.9688, -404515.5625,
        -401689.1562, -395349.5625, -395953.7812, -399923.7812, -402479.4688,
        -403718.0938, -399590.1875, -403737.4688, -399902.4062, -405049.7500,
        -401594.1250, -402213.1875, -400155.5312, -401307.6875, -400265.7188,
        -401236.0000, -402778.5938], device='cuda:0')
tensor([-398722.2188, -399681.0312, -402990.4688, -399896.3438, -399007.2500,
        -400351.3750, -400373.0625, -398561.1875, -402612.2188, -401397.5625,
        -401415.4062, -403133.5938, -401617.1562, -399039.4375, -402589.5625,
        -401629.7500, -403235.8438, -401466.3125, -402818.2500, -404404.4688,
        -402099.3750, -401283.2812, -401955.6562, -397018.7188, -398402.8438,
        -392373.0000, -392414.6250, -392345.2812, -397168.2500, -396482.5000,
        -393227.8125, -395451.6562], device='cuda:0')
tensor([-396754.8750, -400490.8125, -394338.1250, -402112.6562, -399459.1875,
        -399643.3750, -393151.2500, -396292.1250, -397997.0000, -396812.2500,
        -402383.7188, -399524.5000, -400771.8125, -397931.9375, -397724.7188,
        -399244.5000, -398420.0938, -400438.3438, -395397.0312, -400780.7500,
        -399266.8750, -401288.1562, -403191.5625, -400040.5000, -397679.4688,
        -400362.9375, -400059.3125, -399944.7500, -399408.6250, -396743.7188,
        -400659.8438, -395302.3750], device='cuda:0')
tensor([-396982.0625, -396945.9375, -400236.4688, -398012.9688, -394618.1562,
        -402078.4375, -394628.3750, -400800.4688, -399774.8125, -402043.5312,
        -399716.3438, -401723.4375, -400742.6562, -401505.2812, -403514.0938,
        -398147.8438, -396616.3438, -401474.3750, -398033.4375, -398850.5000,
        -395917.8750, -401803.9375], device='cuda:0')
